114.259360 22.325637
114.259091 22.325522
114.256648 22.328594
114.258885 22.326738
114.259765 22.327576
114.258867 22.326518
114.258553 22.327902
114.261390 22.326009
114.260276 22.326913
114.258705 22.325576
114.259585 22.325306
114.260088 22.326734
114.259307 22.327254
114.261462 22.326153
114.260851 22.327626
114.244421 22.330667
114.260995 22.326640
114.260582 22.326782
114.258192 22.328270
114.260124 22.326330
114.258130 22.326475
114.261507 22.326171
114.259917 22.325451
114.260438 22.326660
114.260816 22.325501
114.261767 22.326491
114.258723 22.327062
114.259917 22.324908
114.259307 22.326339
114.254995 22.329873
114.258974 22.327774
114.261219 22.325601
114.260007 22.326850
114.259261 22.328725
114.260295 22.326650
114.259109 22.326780
114.259180 22.327934
114.259190 22.325692
114.259235 22.327478
114.259998 22.328124
114.259666 22.327285
114.260770 22.326412
114.259226 22.324404
114.259747 22.326499
114.259702 22.326897
114.260510 22.326652
114.259100 22.326763
114.259333 22.328616
114.259135 22.327009
114.259656 22.325293
114.261480 22.326703
114.260887 22.327476
114.260178 22.326683
114.260025 22.325873
114.259773 22.326021
114.271684 22.330137
114.259666 22.327747
114.259917 22.326630
114.259665 22.325356
114.271569 22.332427
114.259765 22.328334
114.258534 22.328260
114.260205 22.325887
114.260861 22.327511
114.260061 22.325976
114.262522 22.324648
114.259001 22.326820
114.257573 22.328233
114.259360 22.326425
114.259271 22.324323
114.271745 22.345495
114.259369 22.326272
114.260384 22.326926
114.259064 22.325829
114.259621 22.327035
114.260304 22.327403
114.259307 22.326020
114.257915 22.328006
114.258902 22.326941
114.259719 22.326178
114.259881 22.325066
114.259773 22.327026
114.258839 22.328262
114.259576 22.325733
114.260474 22.326863
114.259405 22.327200
114.259665 22.325239
114.258867 22.326610
114.260474 22.326836
114.259307 22.326965
114.258876 22.327682
114.259253 22.326395
114.259262 22.328391
114.259073 22.326454
114.260941 22.326510
114.261552 22.326178
114.259746 22.327906
114.260744 22.327461
114.259252 22.328479
114.259145 22.325658
114.259989 22.327973
114.258840 22.326891
114.261489 22.326271
114.260474 22.326677
114.259360 22.325723
114.261309 22.324362
114.259909 22.325201
114.259504 22.325054
114.259315 22.326410
114.259037 22.325080
114.260582 22.326475
114.160961 22.253008
114.177077 22.245654
114.160476 22.252930
114.176960 22.246304
114.177840 22.246118
114.177428 22.246375
114.189375 22.281703
114.167770 22.251648
114.167914 22.251712
114.167429 22.250629
114.160314 22.253469
114.177589 22.244612
114.176556 22.246034
114.208974 22.347467
114.136507 22.379917
114.209101 22.347214
114.135096 22.378747
114.185629 22.368683
114.134098 22.379204
114.210420 22.347855
114.136498 22.381300
114.208975 22.347929
114.135536 22.378672
114.209019 22.347512
114.210411 22.347802
114.132913 22.378387
114.186141 22.293608
114.209900 22.347377
114.208885 22.347257
114.210340 22.347445
114.249220 22.302949
114.244461 22.320945
114.245143 22.319708
114.245305 22.319697
114.242152 22.325049
114.240400 22.308991
114.245377 22.319663
114.246310 22.317395
114.244855 22.319008
114.245889 22.318193
114.244649 22.319871
114.246292 22.319260
114.247002 22.318577
114.247235 22.319208
114.243293 22.319803
114.251520 22.306192
114.245610 22.319873
114.245071 22.319804
114.246293 22.319621
114.239224 22.320432
114.246778 22.320554
114.243553 22.313902
114.234042 22.318064
114.246086 22.318707
114.245035 22.319655
114.246678 22.320882
114.245619 22.319840
114.245439 22.319318
114.232910 22.318785
114.243481 22.319804
114.245304 22.319889
114.247299 22.303334
114.243607 22.323515
114.247460 22.318980
114.245664 22.319426
114.245825 22.319650
114.247281 22.319936
114.247532 22.314502
114.244397 22.321393
114.245350 22.319666
114.247856 22.319242
114.252328 22.301376
114.245350 22.319448
114.246850 22.319327
114.243661 22.312580
114.246993 22.318556
114.233405 22.324143
114.251556 22.306207
114.245359 22.319643
114.244622 22.319056
114.248386 22.302606
114.246822 22.314851
114.249229 22.303369
114.247011 22.318558
114.247703 22.319199
114.245439 22.319278
114.233378 22.324130
114.245610 22.320644
114.246050 22.319278
114.244497 22.320968
114.246634 22.318501
114.245404 22.319508
114.245601 22.319441
114.253271 22.302102
114.251618 22.316950
114.252113 22.300574
114.250002 22.311870
114.249077 22.311013
114.249112 22.315987
114.254475 22.302266
114.245601 22.314011
114.245592 22.312162
114.252382 22.300854
114.253783 22.301677
114.253011 22.302275
114.245880 22.311685
114.248440 22.315693
114.249247 22.315657
114.245843 22.313527
114.253254 22.300419
114.252984 22.301658
114.252212 22.300664
114.249804 22.311250
114.245673 22.313821
114.247200 22.311465
114.252526 22.300453
114.250037 22.316604
114.244954 22.314342
114.246544 22.311280
114.247227 22.311300
114.252993 22.301301
114.250244 22.316639
114.250011 22.316796
114.250891 22.317437
114.252885 22.300492
114.252750 22.301772
114.245762 22.313217
114.245349 22.313771
114.245843 22.310966
114.246248 22.311322
114.246796 22.318472
114.250505 22.311442
114.251403 22.317826
114.246517 22.312321
114.246939 22.312370
114.247559 22.315743
114.248951 22.312149
114.253846 22.301573
114.249059 22.315105
114.249059 22.316564
114.249463 22.315409
114.246086 22.311196
114.250083 22.316717
114.252660 22.302915
114.246427 22.310563
114.249140 22.316614
114.250280 22.316303
114.252795 22.302246
114.248663 22.315703
114.252957 22.301546
114.245134 22.311675
114.249355 22.317189
114.246248 22.313681
114.253316 22.301123
114.253451 22.302174
114.251547 22.317427
114.247011 22.311152
114.246849 22.311539
114.245421 22.314733
114.251304 22.318653
114.247263 22.311305
114.246059 22.315391
114.251017 22.316965
114.250262 22.317245
114.250837 22.317604
114.249912 22.316802
114.249364 22.316221
114.245987 22.311328
114.250226 22.316137
114.247873 22.312186
114.249777 22.316970
114.250576 22.302514
114.249975 22.316031
114.257191 22.316910
114.250199 22.314346
114.246769 22.312835
114.251340 22.317324
114.251592 22.317255
114.240068 22.316961
114.250990 22.318428
114.251062 22.317270
114.247918 22.316019
114.245897 22.311978
114.248556 22.319044
114.251762 22.299820
114.246014 22.311418
114.250972 22.316135
114.249921 22.316060
114.249086 22.316416
114.251538 22.317387
114.250172 22.316221
114.253289 22.302179
114.252166 22.299945
114.249113 22.311118
114.245134 22.311521
114.246750 22.311173
114.247810 22.314604
114.246939 22.311406
114.254206 22.302062
114.253209 22.300237
114.245979 22.311554
114.246095 22.311775
114.251242 22.317123
114.249247 22.314801
114.253191 22.300452
114.253397 22.300490
