114.176404 22.326418
114.178838 22.328972
114.194279 22.311379
114.198448 22.330824
114.208517 22.351037
114.202597 22.348771
114.181928 22.327050
114.172011 22.332526
114.186968 22.337013
114.180518 22.328635
114.172236 22.324578
114.174787 22.330807
114.175972 22.332919
114.200875 22.348102
114.172720 22.322745
114.179450 22.320906
114.200612 22.319612
114.175918 22.330117
114.173287 22.331452
114.180231 22.328825
114.199049 22.320900
114.172218 22.324586
114.200396 22.320380
114.239691 22.320807
114.173664 22.330297
114.210968 22.347926
114.175910 22.332992
114.201546 22.306246
114.202274 22.319992
114.252067 22.305042
114.240445 22.319160
114.176952 22.329920
114.175892 22.333026
114.201097 22.320794
114.197388 22.310785
114.200199 22.317491
114.201393 22.318424
114.177796 22.328496
114.171365 22.321716
114.172532 22.322509
114.252391 22.317710
114.172801 22.333916
114.240446 22.319417
114.169783 22.327607
114.197747 22.310379
114.175910 22.332986
114.176943 22.329959
114.173036 22.325851
114.175488 22.328022
114.201672 22.348958
114.180581 22.328673
114.240769 22.318461
114.226793 22.328899
114.203460 22.324265
114.228698 22.320060
114.176943 22.330751
114.228833 22.319726
114.173179 22.324411
114.172317 22.324606
114.201789 22.332650
114.173503 22.329864
114.175865 22.329454
114.198385 22.310799
114.175362 22.331713
114.178857 22.330439
114.179201 22.321917
114.157053 22.336064
114.199597 22.321060
114.173287 22.326918
114.196723 22.311347
114.175641 22.326473
114.176997 22.329365
114.202947 22.325016
114.173359 22.326838
114.182584 22.323577
114.172227 22.324588
114.202328 22.320148
114.184548 22.328769
114.173206 22.325608
114.200450 22.322600
114.225555 22.328861
114.210951 22.349360
114.179504 22.321040
114.181991 22.322473
114.186130 22.329991
114.174140 22.329666
114.240814 22.318091
114.239664 22.319737
114.173314 22.326851
114.193121 22.314064
114.178658 22.327196
114.180869 22.327727
114.199642 22.330636
114.175909 22.329984
114.168558 22.318326
114.249135 22.312643
114.210330 22.347105
114.168849 22.340462
114.176305 22.326443
114.173143 22.321949
114.176422 22.329983
114.175326 22.331733
114.178803 22.326744
114.173036 22.325853
114.199831 22.322433
114.173826 22.330257
114.180123 22.323658
114.171103 22.340055
114.174787 22.332810
114.176026 22.332974
114.229872 22.347566
114.200639 22.326233
114.173053 22.321846
114.178183 22.332384
114.175479 22.331933
114.175236 22.331108
114.179090 22.328101
114.175344 22.331742
114.175918 22.332970
114.182333 22.321341
114.169909 22.331038
114.184246 22.299540
114.179854 22.324529
114.182647 22.325350
114.175910 22.332986
114.199310 22.327886
114.178848 22.330395
114.178416 22.332088
114.202983 22.319617
114.172747 22.322675
114.248637 22.321847
114.199606 22.320598
114.179827 22.324267
114.201421 22.318386
114.147073 22.330493
114.184533 22.299553
114.201097 22.320930
114.178246 22.323368
114.184363 22.299826
114.199373 22.313806
114.175919 22.329936
114.199975 22.319080
114.193160 22.325098
114.172828 22.333840
114.176026 22.332096
114.177186 22.327662
114.177922 22.329104
114.182028 22.323963
114.178650 22.327016
114.175937 22.333009
114.179668 22.321821
114.202409 22.320750
114.180051 22.323038
114.228761 22.320462
114.182612 22.324110
114.174382 22.330949
114.171067 22.326103
114.199642 22.321162
114.185719 22.302955
114.175398 22.331787
114.218944 22.343214
114.226722 22.328799
114.182171 22.324851
114.178488 22.327350
114.176664 22.329742
114.179423 22.322035
114.198816 22.311984
114.182611 22.320066
114.186383 22.334350
114.197938 22.307903
114.186130 22.329991
114.175712 22.329657
114.199624 22.321106
114.178857 22.330330
114.175326 22.331756
114.172684 22.322747
114.257132 22.320914
114.240122 22.319331
